acc
0.687318742275238
0.7670267224311829
0.7959296107292175
0.8141314387321472
0.8323832154273987
0.8442844152450562
0.8617861866950989
0.8701370358467102
0.8810381293296814
0.88913893699646
0.8970897197723389
0.9022902250289917
0.9102410078048706
0.9156915545463562
0.9175417423248291
val_acc
0.7830876111984253
0.8129330277442932
0.8275004625320435
0.8321194052696228
0.8298099040985107
0.8386924862861633
0.8433114290237427
0.8431337475776672
0.8457985520362854
0.8461538553237915
0.8383371829986572
0.8447326421737671
0.8410019278526306
0.8404690027236938
0.8344288468360901
loss
1.4744786571795874
0.6265928108986168
0.4916022338054337
0.4478552207396929
0.4154289676995501
0.38634175645469343
0.35778650246223026
0.33002219346537925
0.3096817667924925
0.29164031091624826
0.2670255199541198
0.248358149092273
0.2315594211067244
0.215452173484279
0.20488841128129937
val_loss
0.8063570271272773
0.5090372476109308
0.4508462181034552
0.43283580771177016
0.42382668200426954
0.40818765215730557
0.39254265703852553
0.39821182898971913
0.39050062037547756
0.38906197644588814
0.4090743210530023
0.3968028731023382
0.410262015906124
0.41284850415528657
0.430110539608981
test_loss: 0.422765, accuracy: 0.842818
