acc
0.7186718583106995
0.7670267224311829
0.7852784991264343
0.8006800413131714
0.8102310299873352
0.8270826935768127
0.8430343270301819
0.85798579454422
0.8729872703552246
0.8861386179924011
0.9022902250289917
0.9142414331436157
0.9237923622131348
0.9358435869216919
val_acc
0.790371298789978
0.8036951422691345
0.8116894364356995
0.8131106495857239
0.8132883310317993
0.820216715335846
0.8198614120483398
0.822526216506958
0.8278557658195496
0.8264345526695251
0.8182625770568848
0.8278557658195496
0.8276780843734741
0.8283886909484863
loss
1.5273291012777996
0.730233652375438
0.5522334506564384
0.48990149180082476
0.45655243590672334
0.43107397393985253
0.4055484551044092
0.37932417214852665
0.3521422455699244
0.32603479945513
0.2990705201459868
0.2692147805558072
0.24835727643324074
0.22147933712410015
val_loss
0.8942454568465961
0.5694124259731024
0.4919263049179209
0.4554673375594593
0.44902735418590606
0.4347176660354575
0.4326021757382528
0.42658775485754225
0.4251980236335215
0.42789908704081697
0.45257568770222434
0.4389214587902002
0.45538461082336174
0.46657334153468794
test_loss: 0.472055, accuracy: 0.821138
