acc
0.7348734736442566
0.7857785820960999
0.8051305413246155
0.8288328647613525
0.8485848307609558
0.861186146736145
0.8806880712509155
0.9005400538444519
0.9169917106628418
0.9358935952186584
0.9499449729919434
0.9568957090377808
0.9676467776298523
val_acc
0.7917925119400024
0.8031622171401978
0.8131106495857239
0.817018985748291
0.818973183631897
0.8209273219108582
0.8244803547859192
0.8243027329444885
0.8248356580734253
0.8243027329444885
0.8266121745109558
0.818973183631897
0.8267898559570312
loss
1.574803085312365
0.725106199308209
0.538878600443467
0.469903464766905
0.42717371368505963
0.3974199228309872
0.36570932516361165
0.3317885901441764
0.30264161263081846
0.269154667600964
0.2397873281824528
0.215411156335465
0.18909248055154199
val_loss
0.9144456760987949
0.5751822015959197
0.4899873041486122
0.45438238155632166
0.44192280680295903
0.44099025228430566
0.431899655122574
0.43175801465896335
0.443847660241997
0.4385012132508608
0.44397594523082556
0.4843763962512458
0.4819503283972934
test_loss: 0.482960, accuracy: 0.826558
