acc
0.5810580849647522
0.7362236380577087
0.80048006772995
0.8302830457687378
0.8513851165771484
0.8693369626998901
0.8835383653640747
0.899389922618866
0.9110910892486572
0.9234423637390137
0.9325432777404785
0.9425942301750183
0.9494949579238892
0.9576457738876343
val_acc
0.8035175204277039
0.8132883310317993
0.8269674777984619
0.8322970271110535
0.834073543548584
0.8379818797111511
0.8386924862861633
0.8349618315696716
0.8385148048400879
0.8342512249946594
0.8367383480072021
0.8358500599861145
0.830520510673523
0.830520510673523
loss
1.5218896026527395
0.66999509201871
0.5161314646307618
0.4647481433509982
0.4168852985483466
0.3843490368533771
0.3528027774149304
0.3280413062474241
0.3034000747805179
0.27773370565694744
0.25248926952786777
0.23325948920449277
0.21066127384122652
0.19391272234992987
val_loss
0.8551496246141023
0.5361310539141411
0.4713309552195568
0.4330823678046142
0.42101531363143485
0.4064442495677966
0.40494830191908393
0.41044887241196476
0.40323264072262854
0.4165584189173044
0.417092478985811
0.43298732731435075
0.43483732082446064
0.44099436434828637
test_loss: 0.413728, accuracy: 0.818428
