acc
0.7204720377922058
0.7653265595436096
0.7846784591674805
0.8008800745010376
0.8146814703941345
0.8336333632469177
0.8484848737716675
0.8673867583274841
0.8838883638381958
0.9001399874687195
0.9137413501739502
0.9277927875518799
0.9373937249183655
0.9450445175170898
0.9508450627326965
val_acc
0.7882394790649414
0.7866405844688416
0.8036951422691345
0.8031622171401978
0.8111565113067627
0.8175519704818726
0.8164860606193542
0.8196837902069092
0.8212826251983643
0.8211050033569336
0.8198614120483398
0.8241250514984131
0.8168413639068604
0.8243027329444885
0.8179072737693787
loss
1.5907003928010541
0.7680553899894823
0.5738246046920957
0.5062382340621967
0.4726467419325179
0.4408520262609042
0.41406541171878897
0.38338576605801866
0.35885354647017415
0.3266067605624736
0.3006865103157273
0.27351638578464893
0.25542597546137763
0.2364521525686223
0.22099847944811207
val_loss
0.9424803775842246
0.6075379930543823
0.5143586738767368
0.48217491653338695
0.46386544923944145
0.44752065564455623
0.4451190503246303
0.4392962118865203
0.44042197380762244
0.43923869865108794
0.45917249526937726
0.45121306478500706
0.4883716191655049
0.461549628456483
0.47915962724411204
test_loss: 0.486051, accuracy: 0.799458
