acc
0.7136213779449463
0.7545254230499268
0.7788279056549072
0.7964796423912048
0.8129813075065613
0.8272327184677124
0.845784604549408
0.8627862930297852
0.877537727355957
0.8929892778396606
0.909841001033783
0.9259926080703735
0.9415941834449768
0.9528452754020691
0.9610961079597473
0.9691469073295593
0.9733473062515259
val_acc
0.7715402245521545
0.7823770046234131
0.7912595272064209
0.8020963072776794
0.8065375685691833
0.8095576763153076
0.8115118145942688
0.8166636824607849
0.8049387335777283
0.8241250514984131
0.8193284869194031
0.8289216756820679
0.8280333876609802
0.8040504455566406
0.8266121745109558
0.8250133395195007
0.8301652073860168
loss
1.5752750696069133
0.7552637715544245
0.5755942994468819
0.517390724634788
0.4877166592910273
0.4633230484030297
0.4350730779618308
0.412025051914414
0.3849774370796502
0.3614720872598048
0.33029476955051673
0.3036679846636712
0.27774675198049115
0.2522746277715054
0.2335840654571076
0.21150599762384553
0.1967682240247512
val_loss
0.9276036007151466
0.5965093575334608
0.5128990799310386
0.48390065837994967
0.4689294117491121
0.4549397300881843
0.4502840973139021
0.4428613927631612
0.46482320030071445
0.4374414039009692
0.44759330302768074
0.436650011139836
0.4448168741585116
0.5076030676525638
0.4514994352690639
0.4690595005064287
0.4712991251374121
test_loss: 0.520253, accuracy: 0.810298
