acc
0.6603660583496094
0.7487748861312866
0.80128014087677
0.8245824575424194
0.8481348156929016
0.8661866188049316
0.878687858581543
0.8910391330718994
0.9059906005859375
0.9158415794372559
0.9218421578407288
0.9301930069923401
0.9398939609527588
val_acc
0.8155977725982666
0.8251909613609314
0.8259015679359436
0.838870108127594
0.8418902158737183
0.8390477895736694
0.84562087059021
0.8463314771652222
0.8397583961486816
0.8397583961486816
0.8406466245651245
0.8410019278526306
0.8381595015525818
loss
1.491036003250422
0.650636791017535
0.5033648068135423
0.4489969389774118
0.4093570946001842
0.3780756306202367
0.34845958602572696
0.31992225542534874
0.2945761767664317
0.270561291864424
0.2527735802170896
0.22929237093111435
0.2121192065387717
val_loss
0.8173932668730302
0.5022251932653616
0.463465205346909
0.42054886787436235
0.40422097717832556
0.40098011063246053
0.3922773429461791
0.38830156473161315
0.40102922661221035
0.4021779330072405
0.4080129329318326
0.4176500730096055
0.435555266130032
test_loss: 0.420761, accuracy: 0.831978
